2922305
2922339
2922605
2922739
2922776
2922920
2931526
2932012
2932204
2933420
2934397
2936952
2936966
2937315
2940852
2941482
2942325
2943210
2943784
2944323
2944327
2944362
2945214
2948174
2949855
2950253
2950509
2953603
2954102
2955843
2957236
2957571
2958909
2959176
2960074
2960697
2960864
2960994
2961931
2962256
2963096
2963101
2963922
2964059
2964965
2966753
2969003
2969467
2969566
2969829
2970064
2970166
2970557
2971669
2972077
2972130
2972370
2972625
2972782
2972951
2973249
2973315
2973344
2973355
2976212
2976408
2976621
2976672
2977336
2977992
2978300
2978892
2979350
2979461
2979967
2980156
2981138
2983813
2984066
2984067
2984068
2984077
2985222
2985289
2985436
2985438
2985615
2986091
2986478
2987363
2987557
2987968
2991511
2992178
2992188
2992777
2992919
2993681
2993710
2993742
2994250
2994335
2994796
2995063
2995084
2995307
2996608
2996626
2996665
2996993
2997086
2997821
2999361
3000905
3000940
3001384
